271	283	282	258	295	276	268	291	308	302	266	282	272	259	289	297
288	264	271	294	251	275	282	250	301	264	290	276	262	245	254	283
252	267	271	286	268	291	282	304	280	281	321	278	296	258	298	268
280	243	277	278	276	280	300	293	300	277	267	272	240	257	278	269
280	264	307	261	247	272	264	282	254	308	274	266	254	287	295	275
278	269	282	267	294	273	269	259	271	262	300	267	309	261	289	264
271	277	303	270	268	293	285	272	292	269	254	262	264	273	287	270
260	263	290	289	271	271	281	296	266	261	262	277	247	259	280	285
282	249	250	260	273	283	289	295	246	248	264	263	275	281	296	289
303	273	255	265	334	276	293	246	294	239	282	301	262	259	269	254
274	298	257	266	278	267	270	302	284	278	239	294	265	243	322	268
268	253	283	281	299	272	288	291	268	281	269	274	312	286	272	267
270	273	259	290	280	273	253	267	271	307	308	267	247	266	290	262
293	259	314	259	257	277	259	296	296	282	295	292	277	274	264	264
284	283	261	279	241	297	273	280	247	276	260	258	258	228	252	284
257	260	253	285	259	258	286	302	260	244	254	234	270	272	266	272
288	292	274	255	275	235	269	287	266	266	266	275	263	275	261	294
263	273	269	270	291	309	266	289	288	279	287	282	279	277	273	291
289	276	295	257	246	287	252	291	248	260	276	290	267	288	284	260
277	292	234	258	291	279	276	274	267	310	249	270	253	275	262	279
282	266	261	274	280	255	270	276	281	277	250	278	262	286	286	286
292	253	281	276	274	289	289	267	256	282	234	275	262	286	293	297
269	272	269	285	296	281	276	239	268	265	275	260	258	263	278	270
273	269	295	259	329	239	269	247	291	296	273	288	274	278	254	229
282	247	264	280	292	303	303	290	265	259	276	290	274	243	275	252
255	273	279	243	243	281	260	279	308	261	289	270	274	300	264	267
266	285	294	273	282	269	269	250	266	254	267	279	252	283	274	260
281	298	244	280	281	266	287	287	255	279	257	287	262	291	267	297
294	271	269	273	307	288	291	286	272	255	269	266	271	265	257	281
309	311	292	306	292	312	262	304	275	279	287	271	271	250	268	300
319	263	274	267	300	269	249	286	263	292	239	283	312	295	288	277
289	263	302	258												
